0, (0, 0, 0, 0)
1, (0, 0, 0, 0)
2, (0, 0, 0, 0)
3, (0, 0, 0, 0)
4, (0, 0, 0, 0)
5, (0, 0, 0, 0)
6, (0, 0, 0, 0)
7, (0, 0, 0, 0)
8, (0, 0, 0, 0)
9, (0, 0, 0, 0)
10, (0, 0, 0, 0)
11, (0, 0, 0, 0)
12, (0, 0, 0, 0)
13, (0, 0, 0, 0)
14, (0, 0, 0, 0)
15, (0, 0, 0, 0)
16, (0, 0, 0, 0)
17, (0, 0, 0, 0)
18, (0, 0, 0, 0)
19, (0, 0, 0, 0)
20, (0, 0, 0, 0)
21, (0, 0, 0, 0)
22, (0, 0, 0, 0)
23, (0, 0, 0, 0)
24, (0, 0, 0, 0)
25, (0, 0, 0, 0)
26, (0, 0, 0, 0)
27, (0, 0, 0, 0)
28, (0, 0, 0, 0)
29, (0, 0, 0, 0)
30, (0, 0, 0, 0)
31, (0, 0, 0, 0)
32, (0, 0, 0, 0)
33, (0, 0, 0, 0)
34, (0, 0, 0, 0)
35, (0, 0, 0, 0)
36, (0, 0, 0, 0)
37, (0, 0, 0, 0)
38, (0, 0, 0, 0)
39, (0, 0, 0, 0)
40, (0, 0, 0, 0)
41, (0, 0, 0, 0)
42, (0, 0, 0, 0)
43, (0, 0, 0, 0)
44, (0, 0, 0, 0)
45, (0, 0, 0, 0)
46, (0, 0, 0, 0)
47, (0, 0, 0, 0)
48, (0, 0, 0, 0)
49, (0, 0, 0, 0)
50, (0, 0, 0, 0)
51, (0, 0, 0, 0)
52, (0, 0, 0, 0)
53, (0, 0, 0, 0)
54, (0, 0, 0, 0)
55, (0, 0, 0, 0)
56, (0, 0, 0, 0)
57, (0, 0, 0, 0)
58, (0, 0, 0, 0)
59, (0, 0, 0, 0)
60, (0, 0, 0, 0)
61, (0, 0, 0, 0)
62, (0, 0, 0, 0)
63, (0, 0, 0, 0)
64, (0, 0, 0, 0)
65, (0, 0, 0, 0)
66, (0, 0, 0, 0)
67, (0, 0, 0, 0)
68, (0, 0, 0, 0)
69, (0, 0, 0, 0)
70, (0, 0, 0, 0)
71, (0, 0, 0, 0)
72, (0, 0, 0, 0)
73, (0, 0, 0, 0)
74, (0, 0, 0, 0)
75, (0, 0, 0, 0)
76, (0, 0, 0, 0)
77, (0, 0, 0, 0)
78, (0, 0, 0, 0)
79, (0, 0, 0, 0)
80, (0, 0, 0, 0)
81, (0, 0, 0, 0)
82, (0, 0, 0, 0)
83, (0, 0, 0, 0)
84, (0, 0, 0, 0)
85, (0, 0, 0, 0)
86, (0, 0, 0, 0)
87, (0, 0, 0, 0)
88, (0, 0, 0, 0)
89, (0, 0, 0, 0)
90, (0, 0, 0, 0)
91, (0, 0, 0, 0)
92, (0, 0, 0, 0)
93, (0, 0, 0, 0)
94, (0, 0, 0, 0)
95, (0, 0, 0, 0)
96, (0, 0, 0, 0)
97, (0, 0, 0, 0)
98, (0, 0, 0, 0)
99, (0, 0, 0, 0)
100, (0, 0, 0, 0)
101, (0, 0, 0, 0)
102, (0, 0, 0, 0)
103, (0, 0, 0, 0)
104, (0, 0, 0, 0)
105, (0, 0, 0, 0)
106, (0, 0, 0, 0)
107, (0, 0, 0, 0)
108, (0, 0, 0, 0)
109, (0, 0, 0, 0)
110, (0, 0, 0, 0)
111, (0, 0, 0, 0)
112, (0, 0, 0, 0)
113, (0, 0, 0, 0)
114, (0, 0, 0, 0)
115, (0, 0, 0, 0)
116, (0, 0, 0, 0)
117, (0, 0, 0, 0)
118, (0, 0, 0, 0)
119, (0, 0, 0, 0)
120, (0, 0, 0, 0)
121, (0, 0, 0, 0)
122, (0, 0, 0, 0)
123, (0, 0, 0, 0)
124, (0, 0, 0, 0)
125, (0, 0, 0, 0)
126, (0, 0, 0, 0)
127, (0, 0, 0, 0)
128, (0, 0, 0, 0)
129, (0, 0, 0, 0)
130, (0, 0, 0, 0)
131, (0, 0, 0, 0)
132, (0, 0, 0, 0)
133, (0, 0, 0, 0)
134, (0, 0, 0, 0)
135, (0, 0, 0, 0)
136, (0, 0, 0, 0)
137, (0, 0, 0, 0)
138, (0, 0, 0, 0)
139, (0, 0, 0, 0)
140, (0, 0, 0, 0)
141, (0, 0, 0, 0)
142, (0, 0, 0, 0)
143, (0, 0, 0, 0)
144, (0, 0, 0, 0)
145, (0, 0, 0, 0)
146, (0, 0, 0, 0)
147, (0, 0, 0, 0)
148, (0, 0, 0, 0)
149, (0, 0, 0, 0)
150, (0, 0, 0, 0)
151, (0, 0, 0, 0)
152, (0, 0, 0, 0)
153, (0, 0, 0, 0)
154, (0, 0, 0, 0)
155, (0, 0, 0, 0)
156, (0, 0, 0, 0)
157, (0, 0, 0, 0)
158, (0, 0, 0, 0)
159, (0, 0, 0, 0)
160, (72, 72, 72, 28)
161, (74, 71, 74, 86)
162, (72, 72, 74, 116)
163, (73, 73, 73, 108)
164, (76, 72, 76, 60)
165, (85, 85, 85, 6)
166, (0, 0, 0, 0)
167, (0, 0, 0, 0)
168, (0, 0, 0, 0)
169, (0, 0, 0, 0)
170, (0, 0, 0, 0)
171, (0, 0, 0, 0)
172, (0, 0, 0, 0)
173, (0, 0, 0, 0)
174, (0, 0, 0, 0)
175, (0, 0, 0, 0)
176, (0, 0, 0, 0)
177, (0, 0, 0, 0)
178, (0, 0, 0, 0)
179, (0, 0, 0, 0)
180, (0, 0, 0, 0)
181, (0, 0, 0, 0)
182, (0, 0, 0, 0)
183, (85, 56, 85, 9)
184, (73, 71, 73, 128)
185, (74, 73, 75, 230)
186, (74, 73, 75, 255)
187, (76, 75, 77, 255)
188, (75, 74, 76, 255)
189, (73, 72, 74, 249)
190, (74, 73, 74, 195)
191, (72, 72, 76, 63)
192, (0, 0, 0, 0)
193, (0, 0, 0, 0)
194, (0, 0, 0, 0)
195, (0, 0, 0, 0)
196, (0, 0, 0, 0)
197, (0, 0, 0, 0)
198, (0, 0, 0, 0)
199, (0, 0, 0, 0)
200, (0, 0, 0, 0)
201, (0, 0, 0, 0)
202, (0, 0, 0, 0)
203, (0, 0, 0, 0)
204, (0, 0, 0, 0)
205, (0, 0, 0, 0)
206, (0, 0, 0, 0)
207, (51, 51, 51, 10)
208, (73, 71, 74, 171)
209, (76, 75, 77, 255)
210, (74, 73, 75, 255)
211, (73, 72, 74, 255)
212, (73, 72, 74, 255)
213, (73, 72, 74, 255)
214, (73, 72, 74, 255)
215, (75, 74, 76, 255)
216, (74, 73, 75, 243)
217, (73, 70, 73, 87)
218, (0, 0, 0, 0)
219, (0, 0, 0, 0)
220, (0, 0, 0, 0)
221, (0, 0, 0, 0)
222, (0, 0, 0, 0)
223, (0, 0, 0, 0)
224, (0, 0, 0, 0)
225, (0, 0, 0, 0)
226, (0, 0, 0, 0)
227, (0, 0, 0, 0)
228, (0, 0, 0, 0)
229, (0, 0, 0, 0)
230, (0, 0, 0, 0)
231, (0, 0, 0, 0)
232, (72, 72, 74, 127)
233, (76, 75, 77, 255)
234, (73, 72, 74, 255)
235, (73, 72, 74, 255)
236, (73, 72, 74, 255)
237, (73, 72, 74, 255)
238, (73, 72, 74, 255)
239, (73, 72, 74, 255)
240, (73, 72, 74, 255)
241, (74, 73, 76, 255)
242, (74, 73, 74, 234)
243, (71, 71, 71, 39)
244, (0, 0, 0, 0)
245, (0, 0, 0, 0)
246, (0, 0, 0, 0)
247, (0, 0, 0, 0)
248, (0, 0, 0, 0)
249, (0, 0, 0, 0)
250, (0, 0, 0, 0)
251, (0, 0, 0, 0)
252, (0, 0, 0, 0)
253, (0, 0, 0, 0)
254, (0, 0, 0, 0)
255, (0, 0, 0, 0)
256, (75, 66, 75, 27)
257, (73, 71, 74, 235)
258, (74, 73, 75, 255)
259, (73, 72, 74, 255)
260, (73, 72, 74, 255)
261, (73, 72, 74, 255)
262, (73, 72, 74, 255)
263, (73, 72, 74, 255)
264, (73, 72, 74, 255)
265, (73, 72, 74, 255)
266, (73, 72, 74, 255)
267, (76, 75, 77, 255)
268, (72, 72, 73, 145)
269, (0, 0, 0, 0)
270, (0, 0, 0, 0)
271, (0, 0, 0, 0)
272, (0, 0, 0, 0)
273, (0, 0, 0, 0)
274, (0, 0, 0, 0)
275, (0, 0, 0, 0)
276, (0, 0, 0, 0)
277, (0, 0, 0, 0)
278, (0, 0, 0, 0)
279, (0, 0, 0, 0)
280, (0, 0, 0, 0)
281, (72, 72, 75, 88)
282, (74, 73, 75, 255)
283, (73, 72, 74, 255)
284, (73, 72, 74, 255)
285, (73, 72, 74, 255)
286, (73, 72, 74, 255)
287, (73, 72, 74, 255)
288, (73, 72, 74, 255)
289, (73, 72, 74, 255)
290, (73, 72, 74, 255)
291, (73, 72, 74, 255)
292, (75, 74, 76, 255)
293, (72, 72, 73, 211)
294, (85, 85, 85, 9)
295, (0, 0, 0, 0)
296, (0, 0, 0, 0)
297, (0, 0, 0, 0)
298, (0, 0, 0, 0)
299, (0, 0, 0, 0)
300, (0, 0, 0, 0)
301, (0, 0, 0, 0)
302, (0, 0, 0, 0)
303, (0, 0, 0, 0)
304, (0, 0, 0, 0)
305, (0, 0, 0, 0)
306, (73, 71, 75, 118)
307, (76, 75, 77, 255)
308, (73, 72, 74, 255)
309, (73, 72, 74, 255)
310, (73, 72, 74, 255)
311, (73, 72, 74, 255)
312, (73, 72, 74, 255)
313, (73, 72, 74, 255)
314, (73, 72, 74, 255)
315, (73, 72, 74, 255)
316, (73, 72, 74, 255)
317, (74, 73, 75, 255)
318, (73, 72, 74, 230)
319, (68, 68, 68, 15)
320, (0, 0, 0, 0)
321, (0, 0, 0, 0)
322, (0, 0, 0, 0)
323, (0, 0, 0, 0)
324, (0, 0, 0, 0)
325, (0, 0, 0, 0)
326, (0, 0, 0, 0)
327, (0, 0, 0, 0)
328, (0, 0, 0, 0)
329, (0, 0, 0, 0)
330, (0, 0, 0, 0)
331, (73, 71, 73, 111)
332, (76, 74, 77, 255)
333, (73, 72, 74, 255)
334, (73, 72, 74, 255)
335, (73, 72, 74, 255)
336, (73, 72, 74, 255)
337, (73, 72, 74, 255)
338, (73, 72, 74, 255)
339, (73, 72, 74, 255)
340, (73, 72, 74, 255)
341, (73, 72, 74, 255)
342, (74, 73, 75, 255)
343, (72, 72, 73, 226)
344, (72, 72, 72, 14)
345, (0, 0, 0, 0)
346, (0, 0, 0, 0)
347, (0, 0, 0, 0)
348, (0, 0, 0, 0)
349, (0, 0, 0, 0)
350, (0, 0, 0, 0)
351, (0, 0, 0, 0)
352, (0, 0, 0, 0)
353, (0, 0, 0, 0)
354, (0, 0, 0, 0)
355, (0, 0, 0, 0)
356, (75, 71, 75, 61)
357, (72, 71, 73, 252)
358, (73, 72, 74, 255)
359, (73, 72, 74, 255)
360, (73, 72, 74, 255)
361, (73, 72, 74, 255)
362, (73, 72, 74, 255)
363, (73, 72, 74, 255)
364, (73, 72, 74, 255)
365, (73, 72, 74, 255)
366, (73, 72, 74, 255)
367, (76, 74, 77, 255)
368, (73, 71, 73, 188)
369, (63, 63, 63, 4)
370, (0, 0, 0, 0)
371, (0, 0, 0, 0)
372, (0, 0, 0, 0)
373, (0, 0, 0, 0)
374, (0, 0, 0, 0)
375, (0, 0, 0, 0)
376, (0, 0, 0, 0)
377, (0, 0, 0, 0)
378, (0, 0, 0, 0)
379, (0, 0, 0, 0)
380, (0, 0, 0, 0)
381, (72, 72, 72, 7)
382, (72, 71, 73, 200)
383, (75, 74, 77, 255)
384, (73, 72, 74, 255)
385, (73, 72, 74, 255)
386, (73, 72, 74, 255)
387, (73, 72, 74, 255)
388, (73, 72, 74, 255)
389, (73, 72, 74, 255)
390, (73, 72, 74, 255)
391, (73, 72, 74, 255)
392, (75, 74, 76, 255)
393, (72, 72, 74, 99)
394, (0, 0, 0, 0)
395, (0, 0, 0, 0)
396, (0, 0, 0, 0)
397, (0, 0, 0, 0)
398, (0, 0, 0, 0)
399, (0, 0, 0, 0)
400, (0, 0, 0, 0)
401, (0, 0, 0, 0)
402, (0, 0, 0, 0)
403, (0, 0, 0, 0)
404, (0, 0, 0, 0)
405, (0, 0, 0, 0)
406, (0, 0, 0, 0)
407, (71, 71, 71, 64)
408, (73, 72, 74, 245)
409, (75, 74, 76, 255)
410, (73, 72, 74, 255)
411, (73, 72, 74, 255)
412, (73, 72, 74, 255)
413, (73, 72, 74, 255)
414, (73, 72, 74, 255)
415, (73, 72, 74, 255)
416, (76, 75, 78, 255)
417, (72, 72, 74, 182)
418, (63, 63, 63, 8)
419, (0, 0, 0, 0)
420, (0, 0, 0, 0)
421, (0, 0, 0, 0)
422, (0, 0, 0, 0)
423, (0, 0, 0, 0)
424, (0, 0, 0, 0)
425, (0, 0, 0, 0)
426, (0, 0, 0, 0)
427, (0, 0, 0, 0)
428, (0, 0, 0, 0)
429, (0, 0, 0, 0)
430, (0, 0, 0, 0)
431, (0, 0, 0, 0)
432, (0, 0, 0, 0)
433, (73, 70, 73, 87)
434, (73, 72, 75, 229)
435, (76, 75, 77, 255)
436, (75, 74, 76, 255)
437, (74, 73, 75, 255)
438, (74, 73, 75, 255)
439, (75, 74, 76, 255)
440, (75, 74, 76, 255)
441, (73, 71, 74, 181)
442, (78, 68, 78, 26)
443, (0, 0, 0, 0)
444, (0, 0, 0, 0)
445, (0, 0, 0, 0)
446, (0, 0, 0, 0)
447, (0, 0, 0, 0)
448, (0, 0, 0, 0)
449, (0, 0, 0, 0)
450, (0, 0, 0, 0)
451, (0, 0, 0, 0)
452, (0, 0, 0, 0)
453, (0, 0, 0, 0)
454, (0, 0, 0, 0)
455, (0, 0, 0, 0)
456, (0, 0, 0, 0)
457, (0, 0, 0, 0)
458, (0, 0, 0, 0)
459, (70, 70, 76, 40)
460, (73, 71, 74, 143)
461, (72, 72, 73, 207)
462, (73, 72, 73, 229)
463, (72, 71, 73, 224)
464, (73, 72, 75, 183)
465, (72, 72, 75, 98)
466, (51, 51, 51, 5)
467, (0, 0, 0, 0)
468, (0, 0, 0, 0)
469, (0, 0, 0, 0)
470, (0, 0, 0, 0)
471, (0, 0, 0, 0)
472, (0, 0, 0, 0)
473, (0, 0, 0, 0)
474, (0, 0, 0, 0)
475, (0, 0, 0, 0)
476, (0, 0, 0, 0)
477, (0, 0, 0, 0)
478, (0, 0, 0, 0)
479, (0, 0, 0, 0)
480, (0, 0, 0, 0)
481, (0, 0, 0, 0)
482, (0, 0, 0, 0)
483, (0, 0, 0, 0)
484, (0, 0, 0, 0)
485, (0, 0, 0, 0)
486, (56, 56, 85, 9)
487, (68, 68, 68, 15)
488, (78, 78, 78, 13)
489, (85, 85, 85, 3)
490, (0, 0, 0, 0)
491, (0, 0, 0, 0)
492, (0, 0, 0, 0)
493, (0, 0, 0, 0)
494, (0, 0, 0, 0)
495, (0, 0, 0, 0)
496, (0, 0, 0, 0)
497, (0, 0, 0, 0)
498, (0, 0, 0, 0)
499, (0, 0, 0, 0)
500, (0, 0, 0, 0)
501, (0, 0, 0, 0)
502, (0, 0, 0, 0)
503, (0, 0, 0, 0)
504, (0, 0, 0, 0)
505, (0, 0, 0, 0)
506, (0, 0, 0, 0)
507, (0, 0, 0, 0)
508, (0, 0, 0, 0)
509, (0, 0, 0, 0)
510, (0, 0, 0, 0)
511, (0, 0, 0, 0)
512, (0, 0, 0, 0)
513, (0, 0, 0, 0)
514, (0, 0, 0, 0)
515, (0, 0, 0, 0)
516, (0, 0, 0, 0)
517, (0, 0, 0, 0)
518, (0, 0, 0, 0)
519, (0, 0, 0, 0)
520, (0, 0, 0, 0)
521, (0, 0, 0, 0)
522, (0, 0, 0, 0)
523, (0, 0, 0, 0)
524, (0, 0, 0, 0)
525, (0, 0, 0, 0)
526, (0, 0, 0, 0)
527, (0, 0, 0, 0)
528, (0, 0, 0, 0)
529, (0, 0, 0, 0)
530, (0, 0, 0, 0)
531, (0, 0, 0, 0)
532, (0, 0, 0, 0)
533, (0, 0, 0, 0)
534, (0, 0, 0, 0)
535, (0, 0, 0, 0)
536, (0, 0, 0, 0)
537, (0, 0, 0, 0)
538, (0, 0, 0, 0)
539, (0, 0, 0, 0)
540, (0, 0, 0, 0)
541, (0, 0, 0, 0)
542, (0, 0, 0, 0)
543, (0, 0, 0, 0)
544, (0, 0, 0, 0)
545, (0, 0, 0, 0)
546, (0, 0, 0, 0)
547, (0, 0, 0, 0)
548, (0, 0, 0, 0)
549, (0, 0, 0, 0)
550, (0, 0, 0, 0)
551, (0, 0, 0, 0)
552, (0, 0, 0, 0)
553, (0, 0, 0, 0)
554, (0, 0, 0, 0)
555, (0, 0, 0, 0)
556, (0, 0, 0, 0)
557, (0, 0, 0, 0)
558, (0, 0, 0, 0)
559, (0, 0, 0, 0)
560, (0, 0, 0, 0)
561, (0, 0, 0, 0)
562, (0, 0, 0, 0)
563, (0, 0, 0, 0)
564, (0, 0, 0, 0)
565, (0, 0, 0, 0)
566, (0, 0, 0, 0)
567, (0, 0, 0, 0)
568, (0, 0, 0, 0)
569, (0, 0, 0, 0)
570, (0, 0, 0, 0)
571, (0, 0, 0, 0)
572, (0, 0, 0, 0)
573, (0, 0, 0, 0)
574, (0, 0, 0, 0)
575, (0, 0, 0, 0)
576, (0, 0, 0, 0)
577, (0, 0, 0, 0)
578, (0, 0, 0, 0)
579, (0, 0, 0, 0)
580, (0, 0, 0, 0)
581, (0, 0, 0, 0)
582, (0, 0, 0, 0)
583, (0, 0, 0, 0)
584, (0, 0, 0, 0)
585, (0, 0, 0, 0)
586, (0, 0, 0, 0)
587, (0, 0, 0, 0)
588, (0, 0, 0, 0)
589, (0, 0, 0, 0)
590, (0, 0, 0, 0)
591, (0, 0, 0, 0)
592, (0, 0, 0, 0)
593, (0, 0, 0, 0)
594, (0, 0, 0, 0)
595, (0, 0, 0, 0)
596, (0, 0, 0, 0)
597, (0, 0, 0, 0)
598, (0, 0, 0, 0)
599, (0, 0, 0, 0)
600, (0, 0, 0, 0)
601, (0, 0, 0, 0)
602, (0, 0, 0, 0)
603, (0, 0, 0, 0)
604, (0, 0, 0, 0)
605, (0, 0, 0, 0)
606, (0, 0, 0, 0)
607, (0, 0, 0, 0)
608, (0, 0, 0, 0)
609, (0, 0, 0, 0)
610, (0, 0, 0, 0)
611, (0, 0, 0, 0)
612, (0, 0, 0, 0)
613, (0, 0, 0, 0)
614, (0, 0, 0, 0)
615, (0, 0, 0, 0)
616, (0, 0, 0, 0)
617, (0, 0, 0, 0)
618, (0, 0, 0, 0)
619, (0, 0, 0, 0)
620, (0, 0, 0, 0)
621, (0, 0, 0, 0)
622, (0, 0, 0, 0)
623, (0, 0, 0, 0)
624, (0, 0, 0, 0)
