0, (0, 0, 0, 0)
1, (0, 0, 0, 0)
2, (0, 0, 0, 0)
3, (0, 0, 0, 0)
4, (0, 0, 0, 0)
5, (0, 0, 0, 0)
6, (0, 0, 0, 0)
7, (0, 0, 0, 0)
8, (0, 0, 0, 0)
9, (0, 0, 0, 0)
10, (0, 0, 0, 0)
11, (0, 0, 0, 0)
12, (0, 0, 0, 0)
13, (0, 0, 0, 0)
14, (0, 0, 0, 0)
15, (0, 0, 0, 0)
16, (0, 0, 0, 0)
17, (0, 0, 0, 0)
18, (0, 0, 0, 0)
19, (0, 0, 0, 0)
20, (0, 0, 0, 0)
21, (0, 0, 0, 0)
22, (0, 0, 0, 0)
23, (0, 0, 0, 0)
24, (0, 0, 0, 0)
25, (0, 0, 0, 0)
26, (0, 0, 0, 0)
27, (0, 0, 0, 0)
28, (0, 0, 0, 0)
29, (0, 0, 0, 0)
30, (0, 0, 0, 0)
31, (0, 0, 0, 0)
32, (0, 0, 0, 0)
33, (0, 0, 0, 0)
34, (0, 0, 0, 0)
35, (0, 0, 0, 0)
36, (0, 0, 0, 0)
37, (0, 0, 0, 0)
38, (0, 0, 0, 0)
39, (0, 0, 0, 0)
40, (0, 0, 0, 0)
41, (0, 0, 0, 0)
42, (0, 0, 0, 0)
43, (0, 0, 0, 0)
44, (0, 0, 0, 0)
45, (0, 0, 0, 0)
46, (0, 0, 0, 0)
47, (0, 0, 0, 0)
48, (0, 0, 0, 0)
49, (0, 0, 0, 0)
50, (0, 0, 0, 0)
51, (0, 0, 0, 0)
52, (0, 0, 0, 0)
53, (0, 0, 0, 0)
54, (0, 0, 0, 0)
55, (0, 0, 0, 0)
56, (0, 0, 0, 0)
57, (0, 0, 0, 0)
58, (0, 0, 0, 0)
59, (0, 0, 0, 0)
60, (0, 0, 0, 0)
61, (0, 0, 0, 0)
62, (0, 0, 0, 0)
63, (0, 0, 0, 0)
64, (0, 0, 0, 0)
65, (0, 0, 0, 0)
66, (0, 0, 0, 0)
67, (0, 0, 0, 0)
68, (0, 0, 0, 0)
69, (0, 0, 0, 0)
70, (0, 0, 0, 0)
71, (0, 0, 0, 0)
72, (0, 0, 0, 0)
73, (0, 0, 0, 0)
74, (0, 0, 0, 0)
75, (0, 0, 0, 0)
76, (0, 0, 0, 0)
77, (0, 0, 0, 0)
78, (0, 0, 0, 0)
79, (0, 0, 0, 0)
80, (0, 0, 0, 0)
81, (0, 0, 0, 0)
82, (0, 0, 0, 0)
83, (0, 0, 0, 0)
84, (0, 0, 0, 0)
85, (0, 0, 0, 0)
86, (0, 0, 0, 0)
87, (0, 0, 0, 0)
88, (0, 0, 0, 0)
89, (0, 0, 0, 0)
90, (0, 0, 0, 0)
91, (0, 0, 0, 0)
92, (0, 0, 0, 0)
93, (0, 0, 0, 0)
94, (0, 0, 0, 0)
95, (0, 0, 0, 0)
96, (0, 0, 0, 0)
97, (0, 0, 0, 0)
98, (0, 0, 0, 0)
99, (0, 0, 0, 0)
100, (0, 0, 0, 0)
101, (0, 0, 0, 0)
102, (0, 0, 0, 0)
103, (0, 0, 0, 0)
104, (0, 0, 0, 0)
105, (0, 0, 0, 0)
106, (0, 0, 0, 0)
107, (0, 0, 0, 0)
108, (0, 0, 0, 0)
109, (0, 0, 0, 0)
110, (0, 0, 0, 0)
111, (0, 0, 0, 0)
112, (0, 0, 0, 0)
113, (0, 0, 0, 0)
114, (0, 0, 0, 0)
115, (0, 0, 0, 0)
116, (0, 0, 0, 0)
117, (0, 0, 0, 0)
118, (0, 0, 0, 0)
119, (0, 0, 0, 0)
120, (0, 0, 0, 0)
121, (0, 0, 0, 0)
122, (0, 0, 0, 0)
123, (0, 0, 0, 0)
124, (0, 0, 0, 0)
125, (0, 0, 0, 0)
126, (0, 0, 0, 0)
127, (0, 0, 0, 0)
128, (0, 0, 0, 0)
129, (0, 0, 0, 0)
130, (0, 0, 0, 0)
131, (0, 0, 0, 0)
132, (0, 0, 0, 0)
133, (0, 0, 0, 0)
134, (0, 0, 0, 0)
135, (0, 0, 0, 0)
136, (0, 0, 0, 0)
137, (0, 0, 0, 0)
138, (0, 0, 0, 0)
139, (0, 0, 0, 0)
140, (0, 0, 0, 0)
141, (0, 0, 0, 0)
142, (0, 0, 0, 0)
143, (0, 0, 0, 0)
144, (0, 0, 0, 0)
145, (0, 0, 0, 0)
146, (0, 0, 0, 0)
147, (0, 0, 0, 0)
148, (0, 0, 0, 0)
149, (0, 0, 0, 0)
150, (0, 0, 0, 0)
151, (0, 0, 0, 0)
152, (0, 0, 0, 0)
153, (0, 0, 0, 0)
154, (0, 0, 0, 0)
155, (0, 0, 0, 0)
156, (0, 0, 0, 0)
157, (0, 0, 0, 0)
158, (0, 0, 0, 0)
159, (0, 0, 0, 0)
160, (0, 0, 0, 0)
161, (0, 0, 0, 0)
162, (0, 0, 0, 0)
163, (0, 0, 0, 0)
164, (0, 0, 0, 0)
165, (0, 0, 0, 0)
166, (0, 0, 0, 0)
167, (0, 0, 0, 0)
168, (0, 0, 0, 0)
169, (0, 0, 0, 0)
170, (0, 0, 0, 0)
171, (0, 0, 0, 0)
172, (0, 0, 0, 0)
173, (0, 0, 0, 0)
174, (0, 0, 0, 0)
175, (0, 0, 0, 0)
176, (0, 0, 0, 0)
177, (0, 0, 0, 0)
178, (0, 0, 0, 0)
179, (0, 0, 0, 0)
180, (0, 0, 0, 0)
181, (0, 0, 0, 0)
182, (0, 0, 0, 0)
183, (0, 0, 0, 0)
184, (0, 0, 0, 0)
185, (0, 0, 0, 0)
186, (0, 0, 0, 0)
187, (0, 0, 0, 0)
188, (0, 0, 0, 0)
189, (73, 73, 73, 45)
190, (71, 71, 74, 110)
191, (73, 73, 75, 122)
192, (73, 70, 73, 76)
193, (72, 72, 72, 7)
194, (0, 0, 0, 0)
195, (0, 0, 0, 0)
196, (0, 0, 0, 0)
197, (0, 0, 0, 0)
198, (0, 0, 0, 0)
199, (0, 0, 0, 0)
200, (0, 0, 0, 0)
201, (0, 0, 0, 0)
202, (0, 0, 0, 0)
203, (0, 0, 0, 0)
204, (0, 0, 0, 0)
205, (0, 0, 0, 0)
206, (0, 0, 0, 0)
207, (0, 0, 0, 0)
208, (0, 0, 0, 0)
209, (223, 223, 223, 16)
210, (244, 244, 244, 49)
211, (255, 255, 255, 28)
212, (0, 0, 0, 2)
213, (67, 67, 69, 125)
214, (74, 73, 74, 243)
215, (75, 75, 77, 255)
216, (76, 75, 77, 255)
217, (73, 72, 74, 253)
218, (73, 73, 74, 192)
219, (68, 68, 75, 37)
220, (0, 0, 0, 0)
221, (0, 0, 0, 0)
222, (0, 0, 0, 0)
223, (0, 0, 0, 0)
224, (0, 0, 0, 0)
225, (0, 0, 0, 0)
226, (0, 0, 0, 0)
227, (0, 0, 0, 0)
228, (0, 0, 0, 0)
229, (0, 0, 0, 0)
230, (0, 0, 0, 0)
231, (0, 0, 0, 0)
232, (0, 0, 0, 0)
233, (244, 244, 244, 71)
234, (246, 246, 246, 214)
235, (245, 245, 245, 246)
236, (249, 249, 249, 232)
237, (189, 189, 189, 176)
238, (64, 64, 66, 254)
239, (74, 73, 75, 255)
240, (73, 72, 74, 255)
241, (73, 72, 74, 255)
242, (73, 72, 74, 255)
243, (77, 75, 78, 255)
244, (71, 71, 73, 195)
245, (69, 69, 69, 11)
246, (0, 0, 0, 0)
247, (0, 0, 0, 0)
248, (0, 0, 0, 0)
249, (0, 0, 0, 0)
250, (0, 0, 0, 0)
251, (0, 0, 0, 0)
252, (0, 0, 0, 0)
253, (0, 0, 0, 0)
254, (0, 0, 0, 0)
255, (0, 0, 0, 0)
256, (0, 0, 0, 0)
257, (247, 247, 247, 33)
258, (241, 241, 241, 230)
259, (251, 251, 251, 255)
260, (244, 244, 244, 255)
261, (245, 246, 245, 255)
262, (255, 255, 254, 255)
263, (129, 128, 130, 255)
264, (52, 53, 55, 255)
265, (61, 61, 63, 255)
266, (70, 69, 71, 255)
267, (73, 72, 74, 255)
268, (73, 72, 74, 255)
269, (74, 73, 75, 255)
270, (73, 73, 73, 80)
271, (0, 0, 0, 0)
272, (0, 0, 0, 0)
273, (0, 0, 0, 0)
274, (0, 0, 0, 0)
275, (0, 0, 0, 0)
276, (0, 0, 0, 0)
277, (0, 0, 0, 0)
278, (0, 0, 0, 0)
279, (0, 0, 0, 0)
280, (0, 0, 0, 0)
281, (0, 0, 0, 0)
282, (243, 243, 243, 87)
283, (247, 247, 247, 255)
284, (243, 243, 243, 255)
285, (242, 242, 242, 255)
286, (242, 242, 242, 255)
287, (248, 248, 248, 255)
288, (207, 206, 207, 255)
289, (167, 166, 167, 255)
290, (177, 176, 177, 255)
291, (85, 84, 86, 255)
292, (69, 69, 71, 255)
293, (73, 72, 74, 255)
294, (76, 75, 77, 255)
295, (72, 72, 72, 119)
296, (0, 0, 0, 0)
297, (0, 0, 0, 0)
298, (0, 0, 0, 0)
299, (0, 0, 0, 0)
300, (0, 0, 0, 0)
301, (0, 0, 0, 0)
302, (0, 0, 0, 0)
303, (0, 0, 0, 0)
304, (0, 0, 0, 0)
305, (233, 233, 233, 12)
306, (244, 244, 244, 95)
307, (241, 241, 241, 174)
308, (245, 245, 245, 255)
309, (242, 242, 242, 255)
310, (242, 242, 242, 255)
311, (242, 242, 242, 255)
312, (241, 241, 241, 255)
313, (246, 246, 246, 255)
314, (251, 251, 251, 255)
315, (255, 255, 255, 255)
316, (182, 181, 182, 255)
317, (56, 57, 59, 255)
318, (72, 71, 73, 255)
319, (76, 75, 77, 255)
320, (72, 70, 72, 112)
321, (0, 0, 0, 0)
322, (0, 0, 0, 0)
323, (0, 0, 0, 0)
324, (0, 0, 0, 0)
325, (0, 0, 0, 0)
326, (0, 0, 0, 0)
327, (0, 0, 0, 0)
328, (0, 0, 0, 0)
329, (236, 236, 236, 14)
330, (242, 242, 242, 183)
331, (250, 250, 250, 255)
332, (248, 248, 248, 255)
333, (242, 242, 242, 255)
334, (242, 242, 242, 255)
335, (242, 242, 242, 255)
336, (242, 242, 242, 255)
337, (242, 242, 242, 255)
338, (242, 242, 242, 255)
339, (242, 242, 242, 255)
340, (247, 247, 247, 255)
341, (213, 213, 213, 255)
342, (100, 99, 101, 255)
343, (70, 69, 71, 255)
344, (69, 69, 71, 249)
345, (74, 69, 74, 55)
346, (0, 0, 0, 0)
347, (0, 0, 0, 0)
348, (0, 0, 0, 0)
349, (0, 0, 0, 0)
350, (0, 0, 0, 0)
351, (0, 0, 0, 0)
352, (0, 0, 0, 0)
353, (0, 0, 0, 0)
354, (240, 240, 240, 90)
355, (248, 248, 248, 255)
356, (244, 244, 244, 255)
357, (242, 242, 242, 255)
358, (242, 242, 242, 255)
359, (242, 242, 242, 255)
360, (242, 242, 242, 255)
361, (242, 242, 242, 255)
362, (242, 242, 242, 255)
363, (242, 242, 242, 255)
364, (242, 242, 242, 255)
365, (242, 242, 242, 255)
366, (243, 243, 243, 255)
367, (247, 246, 246, 255)
368, (184, 184, 185, 254)
369, (67, 67, 70, 137)
370, (127, 0, 127, 2)
371, (0, 0, 0, 0)
372, (0, 0, 0, 0)
373, (0, 0, 0, 0)
374, (0, 0, 0, 0)
375, (0, 0, 0, 0)
376, (0, 0, 0, 0)
377, (0, 0, 0, 0)
378, (0, 0, 0, 0)
379, (241, 241, 241, 116)
380, (251, 251, 251, 255)
381, (242, 242, 242, 255)
382, (242, 242, 242, 255)
383, (242, 242, 242, 255)
384, (242, 242, 242, 255)
385, (242, 242, 242, 255)
386, (242, 242, 242, 255)
387, (242, 242, 242, 255)
388, (242, 242, 242, 255)
389, (242, 242, 242, 255)
390, (242, 242, 242, 255)
391, (242, 242, 242, 255)
392, (245, 245, 245, 255)
393, (246, 246, 246, 252)
394, (251, 251, 251, 64)
395, (0, 0, 0, 0)
396, (0, 0, 0, 0)
397, (0, 0, 0, 0)
398, (0, 0, 0, 0)
399, (0, 0, 0, 0)
400, (0, 0, 0, 0)
401, (0, 0, 0, 0)
402, (0, 0, 0, 0)
403, (0, 0, 0, 0)
404, (240, 240, 240, 54)
405, (242, 242, 242, 247)
406, (250, 250, 250, 255)
407, (245, 245, 245, 255)
408, (245, 245, 245, 255)
409, (245, 245, 245, 255)
410, (245, 245, 245, 255)
411, (245, 245, 245, 255)
412, (245, 245, 245, 255)
413, (245, 245, 245, 255)
414, (245, 245, 245, 255)
415, (245, 245, 245, 255)
416, (245, 245, 245, 255)
417, (248, 248, 248, 255)
418, (241, 241, 241, 251)
419, (245, 245, 245, 54)
420, (0, 0, 0, 0)
421, (0, 0, 0, 0)
422, (0, 0, 0, 0)
423, (0, 0, 0, 0)
424, (0, 0, 0, 0)
425, (0, 0, 0, 0)
426, (0, 0, 0, 0)
427, (0, 0, 0, 0)
428, (0, 0, 0, 0)
429, (0, 0, 0, 0)
430, (241, 241, 241, 93)
431, (246, 246, 246, 212)
432, (241, 241, 241, 235)
433, (242, 242, 242, 232)
434, (242, 242, 242, 232)
435, (242, 242, 242, 232)
436, (242, 242, 242, 232)
437, (242, 242, 242, 232)
438, (242, 242, 242, 232)
439, (242, 242, 242, 232)
440, (242, 242, 242, 232)
441, (241, 241, 241, 234)
442, (246, 246, 246, 228)
443, (242, 242, 242, 122)
444, (170, 170, 170, 3)
445, (0, 0, 0, 0)
446, (0, 0, 0, 0)
447, (0, 0, 0, 0)
448, (0, 0, 0, 0)
449, (0, 0, 0, 0)
450, (0, 0, 0, 0)
451, (0, 0, 0, 0)
452, (0, 0, 0, 0)
453, (0, 0, 0, 0)
454, (0, 0, 0, 0)
455, (0, 0, 0, 0)
456, (229, 229, 229, 10)
457, (239, 239, 239, 16)
458, (255, 255, 255, 15)
459, (255, 255, 255, 15)
460, (255, 255, 255, 15)
461, (255, 255, 255, 15)
462, (255, 255, 255, 15)
463, (255, 255, 255, 15)
464, (255, 255, 255, 15)
465, (255, 255, 255, 15)
466, (239, 239, 239, 16)
467, (236, 236, 236, 14)
468, (0, 0, 0, 0)
469, (0, 0, 0, 0)
470, (0, 0, 0, 0)
471, (0, 0, 0, 0)
472, (0, 0, 0, 0)
473, (0, 0, 0, 0)
474, (0, 0, 0, 0)
475, (0, 0, 0, 0)
476, (0, 0, 0, 0)
477, (0, 0, 0, 0)
478, (0, 0, 0, 0)
479, (0, 0, 0, 0)
480, (0, 0, 0, 0)
481, (0, 0, 0, 0)
482, (0, 0, 0, 0)
483, (0, 0, 0, 0)
484, (0, 0, 0, 0)
485, (0, 0, 0, 0)
486, (0, 0, 0, 0)
487, (0, 0, 0, 0)
488, (0, 0, 0, 0)
489, (0, 0, 0, 0)
490, (0, 0, 0, 0)
491, (0, 0, 0, 0)
492, (0, 0, 0, 0)
493, (0, 0, 0, 0)
494, (0, 0, 0, 0)
495, (0, 0, 0, 0)
496, (0, 0, 0, 0)
497, (0, 0, 0, 0)
498, (0, 0, 0, 0)
499, (0, 0, 0, 0)
500, (0, 0, 0, 0)
501, (0, 0, 0, 0)
502, (0, 0, 0, 0)
503, (0, 0, 0, 0)
504, (0, 0, 0, 0)
505, (0, 0, 0, 0)
506, (0, 0, 0, 0)
507, (0, 0, 0, 0)
508, (0, 0, 0, 0)
509, (0, 0, 0, 0)
510, (0, 0, 0, 0)
511, (0, 0, 0, 0)
512, (0, 0, 0, 0)
513, (0, 0, 0, 0)
514, (0, 0, 0, 0)
515, (0, 0, 0, 0)
516, (0, 0, 0, 0)
517, (0, 0, 0, 0)
518, (0, 0, 0, 0)
519, (0, 0, 0, 0)
520, (0, 0, 0, 0)
521, (0, 0, 0, 0)
522, (0, 0, 0, 0)
523, (0, 0, 0, 0)
524, (0, 0, 0, 0)
525, (0, 0, 0, 0)
526, (0, 0, 0, 0)
527, (0, 0, 0, 0)
528, (0, 0, 0, 0)
529, (0, 0, 0, 0)
530, (0, 0, 0, 0)
531, (0, 0, 0, 0)
532, (0, 0, 0, 0)
533, (0, 0, 0, 0)
534, (0, 0, 0, 0)
535, (0, 0, 0, 0)
536, (0, 0, 0, 0)
537, (0, 0, 0, 0)
538, (0, 0, 0, 0)
539, (0, 0, 0, 0)
540, (0, 0, 0, 0)
541, (0, 0, 0, 0)
542, (0, 0, 0, 0)
543, (0, 0, 0, 0)
544, (0, 0, 0, 0)
545, (0, 0, 0, 0)
546, (0, 0, 0, 0)
547, (0, 0, 0, 0)
548, (0, 0, 0, 0)
549, (0, 0, 0, 0)
550, (0, 0, 0, 0)
551, (0, 0, 0, 0)
552, (0, 0, 0, 0)
553, (0, 0, 0, 0)
554, (0, 0, 0, 0)
555, (0, 0, 0, 0)
556, (0, 0, 0, 0)
557, (0, 0, 0, 0)
558, (0, 0, 0, 0)
559, (0, 0, 0, 0)
560, (0, 0, 0, 0)
561, (0, 0, 0, 0)
562, (0, 0, 0, 0)
563, (0, 0, 0, 0)
564, (0, 0, 0, 0)
565, (0, 0, 0, 0)
566, (0, 0, 0, 0)
567, (0, 0, 0, 0)
568, (0, 0, 0, 0)
569, (0, 0, 0, 0)
570, (0, 0, 0, 0)
571, (0, 0, 0, 0)
572, (0, 0, 0, 0)
573, (0, 0, 0, 0)
574, (0, 0, 0, 0)
575, (0, 0, 0, 0)
576, (0, 0, 0, 0)
577, (0, 0, 0, 0)
578, (0, 0, 0, 0)
579, (0, 0, 0, 0)
580, (0, 0, 0, 0)
581, (0, 0, 0, 0)
582, (0, 0, 0, 0)
583, (0, 0, 0, 0)
584, (0, 0, 0, 0)
585, (0, 0, 0, 0)
586, (0, 0, 0, 0)
587, (0, 0, 0, 0)
588, (0, 0, 0, 0)
589, (0, 0, 0, 0)
590, (0, 0, 0, 0)
591, (0, 0, 0, 0)
592, (0, 0, 0, 0)
593, (0, 0, 0, 0)
594, (0, 0, 0, 0)
595, (0, 0, 0, 0)
596, (0, 0, 0, 0)
597, (0, 0, 0, 0)
598, (0, 0, 0, 0)
599, (0, 0, 0, 0)
600, (0, 0, 0, 0)
601, (0, 0, 0, 0)
602, (0, 0, 0, 0)
603, (0, 0, 0, 0)
604, (0, 0, 0, 0)
605, (0, 0, 0, 0)
606, (0, 0, 0, 0)
607, (0, 0, 0, 0)
608, (0, 0, 0, 0)
609, (0, 0, 0, 0)
610, (0, 0, 0, 0)
611, (0, 0, 0, 0)
612, (0, 0, 0, 0)
613, (0, 0, 0, 0)
614, (0, 0, 0, 0)
615, (0, 0, 0, 0)
616, (0, 0, 0, 0)
617, (0, 0, 0, 0)
618, (0, 0, 0, 0)
619, (0, 0, 0, 0)
620, (0, 0, 0, 0)
621, (0, 0, 0, 0)
622, (0, 0, 0, 0)
623, (0, 0, 0, 0)
624, (0, 0, 0, 0)
