0, (0, 0, 0, 0)
1, (0, 0, 0, 0)
2, (0, 0, 0, 0)
3, (0, 0, 0, 0)
4, (0, 0, 0, 0)
5, (0, 0, 0, 0)
6, (0, 0, 0, 0)
7, (0, 0, 0, 0)
8, (0, 0, 0, 0)
9, (0, 0, 0, 0)
10, (0, 0, 0, 0)
11, (0, 0, 0, 0)
12, (0, 0, 0, 0)
13, (0, 0, 0, 0)
14, (0, 0, 0, 0)
15, (0, 0, 0, 0)
16, (0, 0, 0, 0)
17, (0, 0, 0, 0)
18, (0, 0, 0, 0)
19, (0, 0, 0, 0)
20, (0, 0, 0, 0)
21, (0, 0, 0, 0)
22, (0, 0, 0, 0)
23, (0, 0, 0, 0)
24, (0, 0, 0, 0)
25, (0, 0, 0, 0)
26, (0, 0, 0, 0)
27, (0, 0, 0, 0)
28, (0, 0, 0, 0)
29, (0, 0, 0, 0)
30, (0, 0, 0, 0)
31, (0, 0, 0, 0)
32, (0, 0, 0, 0)
33, (0, 0, 0, 0)
34, (0, 0, 0, 0)
35, (0, 0, 0, 0)
36, (0, 0, 0, 0)
37, (0, 0, 0, 0)
38, (0, 0, 0, 0)
39, (0, 0, 0, 0)
40, (0, 0, 0, 0)
41, (0, 0, 0, 0)
42, (0, 0, 0, 0)
43, (0, 0, 0, 0)
44, (0, 0, 0, 0)
45, (0, 0, 0, 0)
46, (0, 0, 0, 0)
47, (0, 0, 0, 0)
48, (0, 0, 0, 0)
49, (0, 0, 0, 0)
50, (0, 0, 0, 0)
51, (0, 0, 0, 0)
52, (0, 0, 0, 0)
53, (0, 0, 0, 0)
54, (0, 0, 0, 0)
55, (0, 0, 0, 0)
56, (0, 0, 0, 0)
57, (0, 0, 0, 0)
58, (0, 0, 0, 0)
59, (0, 0, 0, 0)
60, (0, 0, 0, 0)
61, (0, 0, 0, 0)
62, (0, 0, 0, 0)
63, (0, 0, 0, 0)
64, (0, 0, 0, 0)
65, (0, 0, 0, 0)
66, (0, 0, 0, 0)
67, (0, 0, 0, 0)
68, (0, 0, 0, 0)
69, (0, 0, 0, 0)
70, (0, 0, 0, 0)
71, (0, 0, 0, 0)
72, (0, 0, 0, 0)
73, (0, 0, 0, 0)
74, (0, 0, 0, 0)
75, (0, 0, 0, 0)
76, (0, 0, 0, 0)
77, (0, 0, 0, 0)
78, (0, 0, 0, 0)
79, (0, 0, 0, 0)
80, (0, 0, 0, 0)
81, (0, 0, 0, 0)
82, (0, 0, 0, 0)
83, (0, 0, 0, 0)
84, (0, 0, 0, 0)
85, (0, 0, 0, 0)
86, (0, 0, 0, 0)
87, (0, 0, 0, 0)
88, (0, 0, 0, 0)
89, (0, 0, 0, 0)
90, (0, 0, 0, 0)
91, (0, 0, 0, 0)
92, (0, 0, 0, 0)
93, (0, 0, 0, 0)
94, (0, 0, 0, 0)
95, (0, 0, 0, 0)
96, (0, 0, 0, 0)
97, (0, 0, 0, 0)
98, (0, 0, 0, 0)
99, (0, 0, 0, 0)
100, (0, 0, 0, 0)
101, (0, 0, 0, 0)
102, (0, 0, 0, 0)
103, (0, 0, 0, 0)
104, (0, 0, 0, 0)
105, (0, 0, 0, 0)
106, (0, 0, 0, 0)
107, (0, 0, 0, 0)
108, (0, 0, 0, 0)
109, (0, 0, 0, 0)
110, (0, 0, 0, 0)
111, (0, 0, 0, 0)
112, (0, 0, 0, 0)
113, (0, 0, 0, 0)
114, (0, 0, 0, 0)
115, (0, 0, 0, 0)
116, (0, 0, 0, 0)
117, (0, 0, 0, 0)
118, (0, 0, 0, 0)
119, (0, 0, 0, 0)
120, (0, 0, 0, 0)
121, (0, 0, 0, 0)
122, (0, 0, 0, 0)
123, (0, 0, 0, 0)
124, (0, 0, 0, 0)
125, (0, 0, 0, 0)
126, (0, 0, 0, 0)
127, (0, 0, 0, 0)
128, (0, 0, 0, 0)
129, (0, 0, 0, 0)
130, (0, 0, 0, 0)
131, (0, 0, 0, 0)
132, (0, 0, 0, 0)
133, (0, 0, 0, 0)
134, (0, 0, 0, 0)
135, (0, 0, 0, 0)
136, (0, 0, 0, 0)
137, (0, 0, 0, 0)
138, (0, 0, 0, 0)
139, (0, 0, 0, 0)
140, (0, 0, 0, 0)
141, (0, 0, 0, 0)
142, (0, 0, 0, 0)
143, (0, 0, 0, 0)
144, (0, 0, 0, 0)
145, (0, 0, 0, 0)
146, (0, 0, 0, 0)
147, (0, 0, 0, 0)
148, (0, 0, 0, 0)
149, (0, 0, 0, 0)
150, (0, 0, 0, 0)
151, (0, 0, 0, 0)
152, (0, 0, 0, 0)
153, (0, 0, 0, 0)
154, (0, 0, 0, 0)
155, (0, 0, 0, 0)
156, (0, 0, 0, 0)
157, (0, 0, 0, 0)
158, (0, 0, 0, 0)
159, (0, 0, 0, 0)
160, (0, 0, 0, 0)
161, (0, 0, 0, 0)
162, (0, 0, 0, 0)
163, (226, 113, 85, 9)
164, (239, 110, 75, 81)
165, (235, 110, 76, 120)
166, (236, 112, 75, 84)
167, (231, 115, 69, 11)
168, (0, 0, 0, 0)
169, (0, 0, 0, 0)
170, (0, 0, 0, 0)
171, (0, 0, 0, 0)
172, (0, 0, 0, 0)
173, (0, 0, 0, 0)
174, (0, 0, 0, 0)
175, (0, 0, 0, 0)
176, (0, 0, 0, 0)
177, (0, 0, 0, 0)
178, (0, 0, 0, 0)
179, (0, 0, 0, 0)
180, (0, 0, 0, 0)
181, (0, 0, 0, 0)
182, (0, 0, 0, 0)
183, (0, 0, 0, 0)
184, (238, 238, 238, 15)
185, (246, 246, 246, 85)
186, (242, 251, 255, 84)
187, (236, 151, 133, 42)
188, (235, 100, 66, 187)
189, (239, 113, 78, 255)
190, (245, 115, 79, 255)
191, (240, 112, 77, 255)
192, (237, 110, 76, 193)
193, (228, 105, 70, 29)
194, (0, 0, 0, 0)
195, (0, 0, 0, 0)
196, (0, 0, 0, 0)
197, (0, 0, 0, 0)
198, (0, 0, 0, 0)
199, (0, 0, 0, 0)
200, (0, 0, 0, 0)
201, (0, 0, 0, 0)
202, (0, 0, 0, 0)
203, (0, 0, 0, 0)
204, (0, 0, 0, 0)
205, (0, 0, 0, 0)
206, (0, 0, 0, 0)
207, (0, 0, 0, 0)
208, (240, 240, 240, 18)
209, (241, 241, 241, 192)
210, (247, 247, 247, 255)
211, (242, 246, 247, 255)
212, (240, 221, 216, 242)
213, (241, 109, 77, 255)
214, (237, 99, 63, 255)
215, (236, 107, 72, 255)
216, (237, 111, 77, 255)
217, (249, 116, 80, 255)
218, (237, 110, 76, 159)
219, (255, 127, 127, 2)
220, (0, 0, 0, 0)
221, (0, 0, 0, 0)
222, (0, 0, 0, 0)
223, (0, 0, 0, 0)
224, (0, 0, 0, 0)
225, (0, 0, 0, 0)
226, (0, 0, 0, 0)
227, (0, 0, 0, 0)
228, (0, 0, 0, 0)
229, (0, 0, 0, 0)
230, (0, 0, 0, 0)
231, (0, 0, 0, 0)
232, (0, 0, 0, 0)
233, (244, 244, 244, 93)
234, (252, 252, 252, 255)
235, (243, 243, 243, 255)
236, (243, 243, 243, 255)
237, (244, 251, 253, 255)
238, (240, 176, 159, 255)
239, (238, 146, 123, 255)
240, (237, 118, 88, 255)
241, (236, 107, 72, 255)
242, (240, 112, 78, 255)
243, (236, 110, 75, 229)
244, (236, 109, 72, 14)
245, (0, 0, 0, 0)
246, (0, 0, 0, 0)
247, (0, 0, 0, 0)
248, (0, 0, 0, 0)
249, (0, 0, 0, 0)
250, (0, 0, 0, 0)
251, (0, 0, 0, 0)
252, (0, 0, 0, 0)
253, (0, 0, 0, 0)
254, (0, 0, 0, 0)
255, (0, 0, 0, 0)
256, (0, 0, 0, 0)
257, (243, 243, 243, 65)
258, (241, 241, 241, 174)
259, (248, 248, 248, 255)
260, (242, 242, 242, 255)
261, (242, 242, 242, 255)
262, (242, 242, 242, 255)
263, (242, 244, 245, 255)
264, (241, 251, 252, 255)
265, (240, 214, 207, 255)
266, (235, 98, 64, 255)
267, (239, 108, 73, 255)
268, (236, 111, 77, 231)
269, (255, 127, 91, 14)
270, (0, 0, 0, 0)
271, (0, 0, 0, 0)
272, (0, 0, 0, 0)
273, (0, 0, 0, 0)
274, (0, 0, 0, 0)
275, (0, 0, 0, 0)
276, (0, 0, 0, 0)
277, (0, 0, 0, 0)
278, (0, 0, 0, 0)
279, (0, 0, 0, 0)
280, (255, 255, 255, 1)
281, (241, 241, 241, 116)
282, (246, 246, 246, 250)
283, (245, 245, 245, 255)
284, (242, 242, 242, 255)
285, (242, 242, 242, 255)
286, (242, 242, 242, 255)
287, (242, 242, 242, 255)
288, (242, 242, 243, 255)
289, (242, 244, 245, 255)
290, (242, 240, 239, 255)
291, (238, 156, 134, 255)
292, (244, 113, 80, 255)
293, (236, 106, 71, 168)
294, (255, 170, 85, 3)
295, (0, 0, 0, 0)
296, (0, 0, 0, 0)
297, (0, 0, 0, 0)
298, (0, 0, 0, 0)
299, (0, 0, 0, 0)
300, (0, 0, 0, 0)
301, (0, 0, 0, 0)
302, (0, 0, 0, 0)
303, (0, 0, 0, 0)
304, (0, 0, 0, 0)
305, (255, 255, 255, 13)
306, (241, 241, 241, 230)
307, (248, 248, 248, 255)
308, (242, 242, 242, 255)
309, (242, 242, 242, 255)
310, (242, 242, 242, 255)
311, (242, 242, 242, 255)
312, (242, 242, 242, 255)
313, (242, 242, 242, 255)
314, (242, 242, 242, 255)
315, (242, 243, 243, 255)
316, (244, 253, 252, 255)
317, (240, 210, 202, 235)
318, (236, 91, 60, 42)
319, (0, 0, 0, 0)
320, (0, 0, 0, 0)
321, (0, 0, 0, 0)
322, (0, 0, 0, 0)
323, (0, 0, 0, 0)
324, (0, 0, 0, 0)
325, (0, 0, 0, 0)
326, (0, 0, 0, 0)
327, (0, 0, 0, 0)
328, (0, 0, 0, 0)
329, (0, 0, 0, 0)
330, (229, 229, 229, 10)
331, (240, 240, 240, 213)
332, (252, 252, 252, 255)
333, (244, 244, 244, 255)
334, (247, 247, 248, 255)
335, (248, 249, 248, 255)
336, (244, 244, 244, 255)
337, (244, 244, 244, 255)
338, (244, 244, 244, 255)
339, (244, 244, 244, 255)
340, (244, 244, 244, 255)
341, (248, 248, 249, 255)
342, (241, 247, 248, 233)
343, (255, 255, 255, 13)
344, (0, 0, 0, 0)
345, (0, 0, 0, 0)
346, (0, 0, 0, 0)
347, (0, 0, 0, 0)
348, (0, 0, 0, 0)
349, (0, 0, 0, 0)
350, (0, 0, 0, 0)
351, (0, 0, 0, 0)
352, (0, 0, 0, 0)
353, (0, 0, 0, 0)
354, (0, 0, 0, 0)
355, (0, 0, 0, 0)
356, (244, 244, 244, 71)
357, (246, 246, 246, 219)
358, (247, 247, 247, 244)
359, (209, 208, 209, 255)
360, (202, 202, 203, 254)
361, (249, 249, 249, 242)
362, (241, 241, 241, 245)
363, (248, 248, 248, 239)
364, (245, 245, 245, 242)
365, (242, 242, 242, 245)
366, (245, 245, 245, 242)
367, (241, 241, 241, 131)
368, (170, 170, 170, 3)
369, (0, 0, 0, 0)
370, (0, 0, 0, 0)
371, (0, 0, 0, 0)
372, (0, 0, 0, 0)
373, (0, 0, 0, 0)
374, (0, 0, 0, 0)
375, (0, 0, 0, 0)
376, (0, 0, 0, 0)
377, (0, 0, 0, 0)
378, (0, 0, 0, 0)
379, (0, 0, 0, 0)
380, (0, 0, 0, 0)
381, (0, 0, 0, 0)
382, (228, 228, 228, 19)
383, (255, 255, 255, 38)
384, (103, 103, 103, 79)
385, (97, 97, 100, 81)
386, (238, 243, 238, 46)
387, (243, 243, 243, 45)
388, (137, 137, 141, 74)
389, (190, 190, 190, 55)
390, (243, 243, 243, 45)
391, (240, 240, 240, 35)
392, (0, 0, 0, 0)
393, (0, 0, 0, 0)
394, (0, 0, 0, 0)
395, (0, 0, 0, 0)
396, (0, 0, 0, 0)
397, (0, 0, 0, 0)
398, (0, 0, 0, 0)
399, (0, 0, 0, 0)
400, (0, 0, 0, 0)
401, (0, 0, 0, 0)
402, (0, 0, 0, 0)
403, (0, 0, 0, 0)
404, (0, 0, 0, 0)
405, (0, 0, 0, 0)
406, (0, 0, 0, 0)
407, (0, 0, 0, 0)
408, (14, 14, 28, 18)
409, (67, 67, 67, 98)
410, (36, 36, 36, 14)
411, (60, 60, 61, 165)
412, (0, 0, 0, 7)
413, (57, 57, 61, 75)
414, (30, 30, 30, 25)
415, (0, 0, 0, 0)
416, (0, 0, 0, 0)
417, (0, 0, 0, 0)
418, (0, 0, 0, 0)
419, (0, 0, 0, 0)
420, (0, 0, 0, 0)
421, (0, 0, 0, 0)
422, (0, 0, 0, 0)
423, (0, 0, 0, 0)
424, (0, 0, 0, 0)
425, (0, 0, 0, 0)
426, (0, 0, 0, 0)
427, (0, 0, 0, 0)
428, (0, 0, 0, 0)
429, (0, 0, 0, 0)
430, (0, 0, 0, 0)
431, (0, 0, 0, 0)
432, (0, 0, 0, 0)
433, (72, 72, 72, 56)
434, (73, 73, 73, 111)
435, (69, 69, 69, 33)
436, (72, 72, 72, 84)
437, (77, 69, 77, 33)
438, (77, 69, 77, 33)
439, (0, 0, 0, 0)
440, (0, 0, 0, 0)
441, (0, 0, 0, 0)
442, (0, 0, 0, 0)
443, (0, 0, 0, 0)
444, (0, 0, 0, 0)
445, (0, 0, 0, 0)
446, (0, 0, 0, 0)
447, (0, 0, 0, 0)
448, (0, 0, 0, 0)
449, (0, 0, 0, 0)
450, (0, 0, 0, 0)
451, (0, 0, 0, 0)
452, (0, 0, 0, 0)
453, (0, 0, 0, 0)
454, (0, 0, 0, 0)
455, (0, 0, 0, 0)
456, (0, 0, 0, 0)
457, (0, 0, 0, 0)
458, (0, 0, 0, 1)
459, (0, 0, 0, 0)
460, (73, 73, 73, 90)
461, (70, 70, 70, 36)
462, (72, 72, 72, 119)
463, (72, 72, 74, 92)
464, (0, 0, 0, 0)
465, (0, 0, 0, 0)
466, (0, 0, 0, 0)
467, (0, 0, 0, 0)
468, (0, 0, 0, 0)
469, (0, 0, 0, 0)
470, (0, 0, 0, 0)
471, (0, 0, 0, 0)
472, (0, 0, 0, 0)
473, (0, 0, 0, 0)
474, (0, 0, 0, 0)
475, (0, 0, 0, 0)
476, (0, 0, 0, 0)
477, (0, 0, 0, 0)
478, (0, 0, 0, 0)
479, (0, 0, 0, 0)
480, (0, 0, 0, 0)
481, (0, 0, 0, 0)
482, (0, 0, 0, 0)
483, (0, 0, 0, 0)
484, (0, 0, 0, 0)
485, (85, 85, 85, 3)
486, (0, 0, 0, 1)
487, (85, 56, 85, 9)
488, (0, 0, 0, 2)
489, (0, 0, 0, 0)
490, (0, 0, 0, 0)
491, (0, 0, 0, 0)
492, (0, 0, 0, 0)
493, (0, 0, 0, 0)
494, (0, 0, 0, 0)
495, (0, 0, 0, 0)
496, (0, 0, 0, 0)
497, (0, 0, 0, 0)
498, (0, 0, 0, 0)
499, (0, 0, 0, 0)
500, (0, 0, 0, 0)
501, (0, 0, 0, 0)
502, (0, 0, 0, 0)
503, (0, 0, 0, 0)
504, (0, 0, 0, 0)
505, (0, 0, 0, 0)
506, (0, 0, 0, 0)
507, (0, 0, 0, 0)
508, (0, 0, 0, 0)
509, (0, 0, 0, 0)
510, (0, 0, 0, 0)
511, (0, 0, 0, 0)
512, (0, 0, 0, 0)
513, (0, 0, 0, 0)
514, (0, 0, 0, 0)
515, (0, 0, 0, 0)
516, (0, 0, 0, 0)
517, (0, 0, 0, 0)
518, (0, 0, 0, 0)
519, (0, 0, 0, 0)
520, (0, 0, 0, 0)
521, (0, 0, 0, 0)
522, (0, 0, 0, 0)
523, (0, 0, 0, 0)
524, (0, 0, 0, 0)
525, (0, 0, 0, 0)
526, (0, 0, 0, 0)
527, (0, 0, 0, 0)
528, (0, 0, 0, 0)
529, (0, 0, 0, 0)
530, (0, 0, 0, 0)
531, (0, 0, 0, 0)
532, (0, 0, 0, 0)
533, (0, 0, 0, 0)
534, (0, 0, 0, 0)
535, (0, 0, 0, 0)
536, (0, 0, 0, 0)
537, (0, 0, 0, 0)
538, (0, 0, 0, 0)
539, (0, 0, 0, 0)
540, (0, 0, 0, 0)
541, (0, 0, 0, 0)
542, (0, 0, 0, 0)
543, (0, 0, 0, 0)
544, (0, 0, 0, 0)
545, (0, 0, 0, 0)
546, (0, 0, 0, 0)
547, (0, 0, 0, 0)
548, (0, 0, 0, 0)
549, (0, 0, 0, 0)
550, (0, 0, 0, 0)
551, (0, 0, 0, 0)
552, (0, 0, 0, 0)
553, (0, 0, 0, 0)
554, (0, 0, 0, 0)
555, (0, 0, 0, 0)
556, (0, 0, 0, 0)
557, (0, 0, 0, 0)
558, (0, 0, 0, 0)
559, (0, 0, 0, 0)
560, (0, 0, 0, 0)
561, (0, 0, 0, 0)
562, (0, 0, 0, 0)
563, (0, 0, 0, 0)
564, (0, 0, 0, 0)
565, (0, 0, 0, 0)
566, (0, 0, 0, 0)
567, (0, 0, 0, 0)
568, (0, 0, 0, 0)
569, (0, 0, 0, 0)
570, (0, 0, 0, 0)
571, (0, 0, 0, 0)
572, (0, 0, 0, 0)
573, (0, 0, 0, 0)
574, (0, 0, 0, 0)
575, (0, 0, 0, 0)
576, (0, 0, 0, 0)
577, (0, 0, 0, 0)
578, (0, 0, 0, 0)
579, (0, 0, 0, 0)
580, (0, 0, 0, 0)
581, (0, 0, 0, 0)
582, (0, 0, 0, 0)
583, (0, 0, 0, 0)
584, (0, 0, 0, 0)
585, (0, 0, 0, 0)
586, (0, 0, 0, 0)
587, (0, 0, 0, 0)
588, (0, 0, 0, 0)
589, (0, 0, 0, 0)
590, (0, 0, 0, 0)
591, (0, 0, 0, 0)
592, (0, 0, 0, 0)
593, (0, 0, 0, 0)
594, (0, 0, 0, 0)
595, (0, 0, 0, 0)
596, (0, 0, 0, 0)
597, (0, 0, 0, 0)
598, (0, 0, 0, 0)
599, (0, 0, 0, 0)
600, (0, 0, 0, 0)
601, (0, 0, 0, 0)
602, (0, 0, 0, 0)
603, (0, 0, 0, 0)
604, (0, 0, 0, 0)
605, (0, 0, 0, 0)
606, (0, 0, 0, 0)
607, (0, 0, 0, 0)
608, (0, 0, 0, 0)
609, (0, 0, 0, 0)
610, (0, 0, 0, 0)
611, (0, 0, 0, 0)
612, (0, 0, 0, 0)
613, (0, 0, 0, 0)
614, (0, 0, 0, 0)
615, (0, 0, 0, 0)
616, (0, 0, 0, 0)
617, (0, 0, 0, 0)
618, (0, 0, 0, 0)
619, (0, 0, 0, 0)
620, (0, 0, 0, 0)
621, (0, 0, 0, 0)
622, (0, 0, 0, 0)
623, (0, 0, 0, 0)
624, (0, 0, 0, 0)
