0, (0, 0, 0, 0)
1, (0, 0, 0, 0)
2, (0, 0, 0, 0)
3, (0, 0, 0, 0)
4, (0, 0, 0, 0)
5, (0, 0, 0, 0)
6, (0, 0, 0, 0)
7, (0, 0, 0, 0)
8, (0, 0, 0, 0)
9, (0, 0, 0, 0)
10, (0, 0, 0, 0)
11, (0, 0, 0, 0)
12, (0, 0, 0, 0)
13, (0, 0, 0, 0)
14, (0, 0, 0, 0)
15, (0, 0, 0, 0)
16, (0, 0, 0, 0)
17, (0, 0, 0, 0)
18, (0, 0, 0, 0)
19, (0, 0, 0, 0)
20, (0, 0, 0, 0)
21, (0, 0, 0, 0)
22, (0, 0, 0, 0)
23, (0, 0, 0, 0)
24, (0, 0, 0, 0)
25, (0, 0, 0, 0)
26, (0, 0, 0, 0)
27, (0, 0, 0, 0)
28, (0, 0, 0, 0)
29, (0, 0, 0, 0)
30, (0, 0, 0, 0)
31, (0, 0, 0, 0)
32, (0, 0, 0, 0)
33, (0, 0, 0, 0)
34, (0, 0, 0, 0)
35, (0, 0, 0, 0)
36, (0, 0, 0, 0)
37, (0, 0, 0, 0)
38, (0, 0, 0, 0)
39, (0, 0, 0, 0)
40, (0, 0, 0, 0)
41, (0, 0, 0, 0)
42, (0, 0, 0, 0)
43, (0, 0, 0, 0)
44, (0, 0, 0, 0)
45, (0, 0, 0, 0)
46, (0, 0, 0, 0)
47, (0, 0, 0, 0)
48, (0, 0, 0, 0)
49, (0, 0, 0, 0)
50, (0, 0, 0, 0)
51, (0, 0, 0, 0)
52, (0, 0, 0, 0)
53, (0, 0, 0, 0)
54, (0, 0, 0, 0)
55, (0, 0, 0, 0)
56, (0, 0, 0, 0)
57, (0, 0, 0, 0)
58, (0, 0, 0, 0)
59, (0, 0, 0, 0)
60, (0, 0, 0, 0)
61, (0, 0, 0, 0)
62, (0, 0, 0, 0)
63, (0, 0, 0, 0)
64, (0, 0, 0, 0)
65, (0, 0, 0, 0)
66, (0, 0, 0, 0)
67, (0, 0, 0, 0)
68, (0, 0, 0, 0)
69, (0, 0, 0, 0)
70, (0, 0, 0, 0)
71, (0, 0, 0, 0)
72, (0, 0, 0, 0)
73, (0, 0, 0, 0)
74, (0, 0, 0, 0)
75, (0, 0, 0, 0)
76, (0, 0, 0, 0)
77, (0, 0, 0, 0)
78, (0, 0, 0, 0)
79, (0, 0, 0, 0)
80, (0, 0, 0, 0)
81, (0, 0, 0, 0)
82, (0, 0, 0, 0)
83, (0, 0, 0, 0)
84, (0, 0, 0, 0)
85, (0, 0, 0, 0)
86, (0, 0, 0, 0)
87, (0, 0, 0, 0)
88, (0, 0, 0, 0)
89, (0, 0, 0, 0)
90, (0, 0, 0, 0)
91, (0, 0, 0, 0)
92, (0, 0, 0, 0)
93, (0, 0, 0, 0)
94, (0, 0, 0, 0)
95, (0, 0, 0, 0)
96, (0, 0, 0, 0)
97, (0, 0, 0, 0)
98, (0, 0, 0, 0)
99, (0, 0, 0, 0)
100, (0, 0, 0, 0)
101, (0, 0, 0, 0)
102, (0, 0, 0, 0)
103, (0, 0, 0, 0)
104, (0, 0, 0, 0)
105, (0, 0, 0, 0)
106, (0, 0, 0, 0)
107, (0, 0, 0, 0)
108, (0, 0, 0, 0)
109, (0, 0, 0, 0)
110, (0, 0, 0, 0)
111, (0, 0, 0, 0)
112, (0, 0, 0, 0)
113, (0, 0, 0, 0)
114, (0, 0, 0, 0)
115, (0, 0, 0, 0)
116, (0, 0, 0, 0)
117, (0, 0, 0, 0)
118, (0, 0, 0, 0)
119, (0, 0, 0, 0)
120, (0, 0, 0, 0)
121, (0, 0, 0, 0)
122, (0, 0, 0, 0)
123, (0, 0, 0, 0)
124, (0, 0, 0, 0)
125, (0, 0, 0, 0)
126, (0, 0, 0, 0)
127, (0, 0, 0, 0)
128, (0, 0, 0, 0)
129, (0, 0, 0, 0)
130, (0, 0, 0, 0)
131, (0, 0, 0, 0)
132, (0, 0, 0, 0)
133, (0, 0, 0, 0)
134, (0, 0, 0, 0)
135, (0, 0, 0, 0)
136, (0, 0, 0, 0)
137, (0, 0, 0, 0)
138, (56, 56, 56, 9)
139, (63, 63, 63, 12)
140, (0, 0, 0, 0)
141, (0, 0, 0, 0)
142, (0, 0, 0, 0)
143, (0, 0, 0, 0)
144, (0, 0, 0, 0)
145, (0, 0, 0, 0)
146, (0, 0, 0, 0)
147, (0, 0, 0, 0)
148, (0, 0, 0, 0)
149, (0, 0, 0, 0)
150, (0, 0, 0, 0)
151, (0, 0, 0, 0)
152, (0, 0, 0, 0)
153, (0, 0, 0, 0)
154, (0, 0, 0, 0)
155, (0, 0, 0, 0)
156, (0, 0, 0, 0)
157, (0, 0, 0, 0)
158, (0, 0, 0, 0)
159, (0, 0, 0, 0)
160, (0, 0, 0, 0)
161, (0, 0, 0, 0)
162, (67, 67, 70, 87)
163, (75, 74, 76, 206)
164, (74, 73, 75, 220)
165, (71, 71, 73, 125)
166, (63, 63, 63, 4)
167, (0, 0, 0, 0)
168, (0, 0, 0, 0)
169, (0, 0, 0, 0)
170, (0, 0, 0, 0)
171, (0, 0, 0, 0)
172, (0, 0, 0, 0)
173, (0, 0, 0, 0)
174, (0, 0, 0, 0)
175, (0, 0, 0, 0)
176, (0, 0, 0, 0)
177, (0, 0, 0, 0)
178, (0, 0, 0, 0)
179, (0, 0, 0, 0)
180, (0, 0, 0, 0)
181, (0, 0, 0, 0)
182, (0, 0, 0, 0)
183, (235, 235, 235, 13)
184, (244, 244, 244, 94)
185, (246, 246, 246, 121)
186, (197, 195, 197, 102)
187, (61, 62, 64, 242)
188, (75, 74, 76, 255)
189, (75, 74, 76, 255)
190, (75, 74, 76, 255)
191, (72, 72, 75, 95)
192, (78, 78, 78, 13)
193, (0, 0, 0, 1)
194, (0, 0, 0, 0)
195, (0, 0, 0, 0)
196, (0, 0, 0, 0)
197, (0, 0, 0, 0)
198, (0, 0, 0, 0)
199, (0, 0, 0, 0)
200, (0, 0, 0, 0)
201, (0, 0, 0, 0)
202, (0, 0, 0, 0)
203, (0, 0, 0, 0)
204, (0, 0, 0, 0)
205, (0, 0, 0, 0)
206, (0, 0, 0, 0)
207, (255, 255, 255, 15)
208, (241, 241, 241, 187)
209, (250, 250, 250, 255)
210, (252, 252, 252, 255)
211, (248, 248, 248, 255)
212, (158, 157, 158, 255)
213, (62, 62, 65, 255)
214, (67, 66, 68, 255)
215, (72, 72, 74, 255)
216, (74, 73, 74, 227)
217, (73, 72, 74, 225)
218, (71, 71, 73, 142)
219, (0, 0, 0, 1)
220, (0, 0, 0, 0)
221, (0, 0, 0, 0)
222, (0, 0, 0, 0)
223, (0, 0, 0, 0)
224, (0, 0, 0, 0)
225, (0, 0, 0, 0)
226, (0, 0, 0, 0)
227, (0, 0, 0, 0)
228, (0, 0, 0, 0)
229, (0, 0, 0, 0)
230, (0, 0, 0, 0)
231, (0, 0, 0, 0)
232, (239, 239, 239, 101)
233, (252, 252, 252, 255)
234, (243, 243, 243, 255)
235, (242, 242, 242, 255)
236, (245, 245, 245, 255)
237, (244, 244, 244, 255)
238, (100, 100, 101, 255)
239, (93, 93, 95, 255)
240, (72, 72, 74, 255)
241, (71, 71, 73, 255)
242, (76, 75, 77, 255)
243, (72, 71, 73, 246)
244, (68, 68, 74, 41)
245, (0, 0, 0, 0)
246, (0, 0, 0, 0)
247, (0, 0, 0, 0)
248, (0, 0, 0, 0)
249, (0, 0, 0, 0)
250, (0, 0, 0, 0)
251, (0, 0, 0, 0)
252, (0, 0, 0, 0)
253, (0, 0, 0, 0)
254, (0, 0, 0, 0)
255, (0, 0, 0, 0)
256, (229, 229, 229, 10)
257, (242, 242, 242, 142)
258, (252, 252, 252, 255)
259, (242, 242, 242, 255)
260, (242, 242, 242, 255)
261, (242, 242, 242, 255)
262, (242, 242, 242, 255)
263, (230, 230, 230, 255)
264, (244, 244, 244, 255)
265, (196, 196, 196, 255)
266, (72, 72, 74, 255)
267, (72, 71, 73, 255)
268, (73, 72, 74, 255)
269, (74, 73, 75, 233)
270, (71, 71, 74, 117)
271, (0, 0, 0, 1)
272, (0, 0, 0, 0)
273, (0, 0, 0, 0)
274, (0, 0, 0, 0)
275, (0, 0, 0, 0)
276, (0, 0, 0, 0)
277, (0, 0, 0, 0)
278, (0, 0, 0, 0)
279, (0, 0, 0, 0)
280, (242, 242, 242, 100)
281, (246, 246, 246, 211)
282, (241, 241, 241, 244)
283, (243, 243, 243, 255)
284, (242, 242, 242, 255)
285, (242, 242, 242, 255)
286, (242, 242, 242, 255)
287, (242, 242, 242, 255)
288, (245, 245, 245, 255)
289, (244, 244, 244, 255)
290, (248, 247, 248, 255)
291, (96, 96, 98, 255)
292, (56, 57, 59, 255)
293, (72, 71, 73, 255)
294, (76, 75, 77, 255)
295, (73, 71, 73, 238)
296, (68, 68, 68, 15)
297, (0, 0, 0, 0)
298, (0, 0, 0, 0)
299, (0, 0, 0, 0)
300, (0, 0, 0, 0)
301, (0, 0, 0, 0)
302, (0, 0, 0, 0)
303, (0, 0, 0, 0)
304, (242, 242, 242, 59)
305, (242, 242, 242, 250)
306, (249, 249, 249, 255)
307, (244, 244, 244, 255)
308, (242, 242, 242, 255)
309, (242, 244, 245, 255)
310, (242, 246, 248, 255)
311, (242, 243, 244, 255)
312, (242, 242, 242, 255)
313, (242, 242, 242, 255)
314, (242, 242, 242, 255)
315, (242, 242, 242, 255)
316, (212, 211, 212, 255)
317, (156, 156, 157, 255)
318, (69, 69, 71, 255)
319, (74, 73, 75, 255)
320, (72, 71, 74, 186)
321, (72, 72, 72, 7)
322, (0, 0, 0, 0)
323, (0, 0, 0, 0)
324, (0, 0, 0, 0)
325, (0, 0, 0, 0)
326, (0, 0, 0, 0)
327, (0, 0, 0, 0)
328, (0, 0, 0, 0)
329, (242, 242, 242, 123)
330, (253, 253, 253, 255)
331, (242, 242, 242, 255)
332, (242, 242, 242, 255)
333, (242, 244, 245, 255)
334, (241, 235, 233, 255)
335, (241, 213, 204, 255)
336, (241, 235, 233, 255)
337, (242, 243, 243, 255)
338, (242, 242, 242, 255)
339, (242, 242, 242, 255)
340, (242, 242, 242, 255)
341, (247, 247, 247, 255)
342, (255, 255, 255, 255)
343, (164, 164, 165, 174)
344, (59, 59, 64, 95)
345, (74, 74, 74, 24)
346, (0, 0, 0, 0)
347, (0, 0, 0, 0)
348, (0, 0, 0, 0)
349, (0, 0, 0, 0)
350, (0, 0, 0, 0)
351, (0, 0, 0, 0)
352, (0, 0, 0, 0)
353, (0, 0, 0, 0)
354, (242, 242, 242, 79)
355, (246, 246, 246, 255)
356, (246, 246, 246, 255)
357, (243, 244, 244, 255)
358, (242, 248, 250, 255)
359, (237, 137, 113, 255)
360, (236, 109, 82, 255)
361, (242, 234, 232, 255)
362, (243, 246, 246, 255)
363, (243, 243, 243, 255)
364, (243, 243, 243, 255)
365, (243, 243, 243, 255)
366, (243, 243, 243, 255)
367, (255, 255, 255, 255)
368, (255, 255, 255, 124)
369, (0, 0, 0, 0)
370, (0, 0, 0, 0)
371, (0, 0, 0, 0)
372, (0, 0, 0, 0)
373, (0, 0, 0, 0)
374, (0, 0, 0, 0)
375, (0, 0, 0, 0)
376, (0, 0, 0, 0)
377, (0, 0, 0, 0)
378, (0, 0, 0, 0)
379, (255, 255, 255, 5)
380, (242, 242, 242, 144)
381, (244, 244, 244, 246)
382, (241, 247, 249, 253)
383, (243, 210, 200, 255)
384, (236, 91, 57, 255)
385, (243, 167, 144, 255)
386, (240, 234, 232, 254)
387, (241, 243, 243, 252)
388, (241, 241, 241, 253)
389, (241, 241, 241, 253)
390, (241, 241, 241, 253)
391, (244, 244, 244, 252)
392, (243, 243, 243, 214)
393, (242, 242, 242, 40)
394, (0, 0, 0, 0)
395, (0, 0, 0, 0)
396, (0, 0, 0, 0)
397, (0, 0, 0, 0)
398, (0, 0, 0, 0)
399, (0, 0, 0, 0)
400, (0, 0, 0, 0)
401, (0, 0, 0, 0)
402, (0, 0, 0, 0)
403, (0, 0, 0, 0)
404, (0, 0, 0, 0)
405, (0, 0, 0, 0)
406, (239, 239, 244, 48)
407, (241, 251, 255, 74)
408, (236, 128, 98, 165)
409, (238, 106, 71, 253)
410, (235, 97, 65, 201)
411, (238, 202, 192, 77)
412, (240, 247, 247, 72)
413, (244, 244, 244, 72)
414, (244, 244, 244, 72)
415, (241, 241, 241, 73)
416, (243, 243, 243, 69)
417, (233, 233, 233, 24)
418, (0, 0, 0, 0)
419, (0, 0, 0, 0)
420, (0, 0, 0, 0)
421, (0, 0, 0, 0)
422, (0, 0, 0, 0)
423, (0, 0, 0, 0)
424, (0, 0, 0, 0)
425, (0, 0, 0, 0)
426, (0, 0, 0, 0)
427, (0, 0, 0, 0)
428, (0, 0, 0, 0)
429, (0, 0, 0, 0)
430, (0, 0, 0, 0)
431, (0, 0, 0, 0)
432, (0, 0, 0, 0)
433, (237, 94, 59, 43)
434, (234, 109, 75, 202)
435, (235, 111, 71, 39)
436, (0, 0, 0, 0)
437, (0, 0, 0, 0)
438, (0, 0, 0, 0)
439, (0, 0, 0, 0)
440, (0, 0, 0, 0)
441, (0, 0, 0, 0)
442, (0, 0, 0, 0)
443, (0, 0, 0, 0)
444, (0, 0, 0, 0)
445, (0, 0, 0, 0)
446, (0, 0, 0, 0)
447, (0, 0, 0, 0)
448, (0, 0, 0, 0)
449, (0, 0, 0, 0)
450, (0, 0, 0, 0)
451, (0, 0, 0, 0)
452, (0, 0, 0, 0)
453, (0, 0, 0, 0)
454, (0, 0, 0, 0)
455, (0, 0, 0, 0)
456, (0, 0, 0, 0)
457, (255, 127, 127, 2)
458, (234, 110, 75, 139)
459, (234, 108, 74, 75)
460, (0, 0, 0, 0)
461, (0, 0, 0, 0)
462, (0, 0, 0, 0)
463, (0, 0, 0, 0)
464, (0, 0, 0, 0)
465, (0, 0, 0, 0)
466, (0, 0, 0, 0)
467, (0, 0, 0, 0)
468, (0, 0, 0, 0)
469, (0, 0, 0, 0)
470, (0, 0, 0, 0)
471, (0, 0, 0, 0)
472, (0, 0, 0, 0)
473, (0, 0, 0, 0)
474, (0, 0, 0, 0)
475, (0, 0, 0, 0)
476, (0, 0, 0, 0)
477, (0, 0, 0, 0)
478, (0, 0, 0, 0)
479, (0, 0, 0, 0)
480, (0, 0, 0, 0)
481, (0, 0, 0, 0)
482, (255, 127, 85, 6)
483, (239, 109, 78, 49)
484, (0, 0, 0, 0)
485, (0, 0, 0, 0)
486, (0, 0, 0, 0)
487, (0, 0, 0, 0)
488, (0, 0, 0, 0)
489, (0, 0, 0, 0)
490, (0, 0, 0, 0)
491, (0, 0, 0, 0)
492, (0, 0, 0, 0)
493, (0, 0, 0, 0)
494, (0, 0, 0, 0)
495, (0, 0, 0, 0)
496, (0, 0, 0, 0)
497, (0, 0, 0, 0)
498, (0, 0, 0, 0)
499, (0, 0, 0, 0)
500, (0, 0, 0, 0)
501, (0, 0, 0, 0)
502, (0, 0, 0, 0)
503, (0, 0, 0, 0)
504, (0, 0, 0, 0)
505, (0, 0, 0, 0)
506, (0, 0, 0, 0)
507, (0, 0, 0, 0)
508, (0, 0, 0, 0)
509, (0, 0, 0, 0)
510, (0, 0, 0, 0)
511, (0, 0, 0, 0)
512, (0, 0, 0, 0)
513, (0, 0, 0, 0)
514, (0, 0, 0, 0)
515, (0, 0, 0, 0)
516, (0, 0, 0, 0)
517, (0, 0, 0, 0)
518, (0, 0, 0, 0)
519, (0, 0, 0, 0)
520, (0, 0, 0, 0)
521, (0, 0, 0, 0)
522, (0, 0, 0, 0)
523, (0, 0, 0, 0)
524, (0, 0, 0, 0)
525, (0, 0, 0, 0)
526, (0, 0, 0, 0)
527, (0, 0, 0, 0)
528, (0, 0, 0, 0)
529, (0, 0, 0, 0)
530, (0, 0, 0, 0)
531, (0, 0, 0, 0)
532, (0, 0, 0, 0)
533, (0, 0, 0, 0)
534, (0, 0, 0, 0)
535, (0, 0, 0, 0)
536, (0, 0, 0, 0)
537, (0, 0, 0, 0)
538, (0, 0, 0, 0)
539, (0, 0, 0, 0)
540, (0, 0, 0, 0)
541, (0, 0, 0, 0)
542, (0, 0, 0, 0)
543, (0, 0, 0, 0)
544, (0, 0, 0, 0)
545, (0, 0, 0, 0)
546, (0, 0, 0, 0)
547, (0, 0, 0, 0)
548, (0, 0, 0, 0)
549, (0, 0, 0, 0)
550, (0, 0, 0, 0)
551, (0, 0, 0, 0)
552, (0, 0, 0, 0)
553, (0, 0, 0, 0)
554, (0, 0, 0, 0)
555, (0, 0, 0, 0)
556, (0, 0, 0, 0)
557, (0, 0, 0, 0)
558, (0, 0, 0, 0)
559, (0, 0, 0, 0)
560, (0, 0, 0, 0)
561, (0, 0, 0, 0)
562, (0, 0, 0, 0)
563, (0, 0, 0, 0)
564, (0, 0, 0, 0)
565, (0, 0, 0, 0)
566, (0, 0, 0, 0)
567, (0, 0, 0, 0)
568, (0, 0, 0, 0)
569, (0, 0, 0, 0)
570, (0, 0, 0, 0)
571, (0, 0, 0, 0)
572, (0, 0, 0, 0)
573, (0, 0, 0, 0)
574, (0, 0, 0, 0)
575, (0, 0, 0, 0)
576, (0, 0, 0, 0)
577, (0, 0, 0, 0)
578, (0, 0, 0, 0)
579, (0, 0, 0, 0)
580, (0, 0, 0, 0)
581, (0, 0, 0, 0)
582, (0, 0, 0, 0)
583, (0, 0, 0, 0)
584, (0, 0, 0, 0)
585, (0, 0, 0, 0)
586, (0, 0, 0, 0)
587, (0, 0, 0, 0)
588, (0, 0, 0, 0)
589, (0, 0, 0, 0)
590, (0, 0, 0, 0)
591, (0, 0, 0, 0)
592, (0, 0, 0, 0)
593, (0, 0, 0, 0)
594, (0, 0, 0, 0)
595, (0, 0, 0, 0)
596, (0, 0, 0, 0)
597, (0, 0, 0, 0)
598, (0, 0, 0, 0)
599, (0, 0, 0, 0)
600, (0, 0, 0, 0)
601, (0, 0, 0, 0)
602, (0, 0, 0, 0)
603, (0, 0, 0, 0)
604, (0, 0, 0, 0)
605, (0, 0, 0, 0)
606, (0, 0, 0, 0)
607, (0, 0, 0, 0)
608, (0, 0, 0, 0)
609, (0, 0, 0, 0)
610, (0, 0, 0, 0)
611, (0, 0, 0, 0)
612, (0, 0, 0, 0)
613, (0, 0, 0, 0)
614, (0, 0, 0, 0)
615, (0, 0, 0, 0)
616, (0, 0, 0, 0)
617, (0, 0, 0, 0)
618, (0, 0, 0, 0)
619, (0, 0, 0, 0)
620, (0, 0, 0, 0)
621, (0, 0, 0, 0)
622, (0, 0, 0, 0)
623, (0, 0, 0, 0)
624, (0, 0, 0, 0)
